CenterX(mm),CenterY(mm),CenterZ(mm),EqDiameter(mm),Area(mm^2),Volume(mm^3),Anisotropy,OrientationPhi,OrientationTheta,Sphericity
1.11414,0.807343,2.41524,2.61767,25.9349,9.39168,0.469601,0.26892499999999997,0.09895960000000001,0.830031
2.43735,1.09539,0.625944,2.01817,17.1447,4.30396,0.761084,0.719155,0.35712499999999997,0.746335
5.74932,1.19724,1.08132,3.23501,44.9827,17.7266,0.473083,0.736331,-1.78236,0.730896
10.1714,1.61824,1.23933,2.76676,33.2254,11.0895,0.474307,0.606433,-0.49038699999999996,0.723808
12.5284,0.910489,0.896696,2.51238,26.3115,8.30334,0.478897,0.525701,-0.33686900000000003,0.753656
0.715461,1.96439,0.594634,1.89737,15.4243,3.57646,0.592103,0.765588,-1.13591,0.733244
7.66204,3.97219,0.987252,3.4848,46.623,22.1581,0.518255,0.884991,-1.7521,0.818287
13.7665,1.88375,0.162265,0.659061,1.63073,0.149891,0.774499,0.874464,0.92463,0.836797
3.9089,3.07968,0.287245,1.69174,12.3293,2.53511,0.857428,0.8971680000000001,-1.47647,0.729254
12.5611,3.74844,0.858742,2.81448,39.1448,11.6733,0.642019,0.856855,-0.47856499999999996,0.635731
0.519709,4.42501,0.892714,1.97657,14.6158,4.04328,0.623171,0.7959099999999999,0.9447629999999999,0.839749
2.25826,5.28523,0.431829,2.07057,17.3767,4.64799,0.756801,0.882666,0.756348,0.775103
4.27321,4.95677,0.90821,2.18636,16.6906,5.47222,0.287872,0.6682859999999999,1.2495399999999999,0.89975
13.3859,5.62429,0.299666,1.37669,7.33321,1.36617,0.754347,0.88995,-0.8447450000000001,0.811944
6.17484,5.98268,0.177569,1.25978,7.33242,1.04684,0.921188,0.884171,0.298869,0.67997
0.823199,8.10449,1.26994,3.25673,45.4896,18.086,0.779853,0.62025,0.9228350000000001,0.732488
10.0062,5.76545,0.341605,0.697047,1.56216,0.177331,0.143757,0.23829,-0.7114820000000001,0.977119
11.6234,5.86778,1.28032,2.37135,21.0313,6.98211,0.464819,0.118544,0.96719,0.839993
4.25791,6.49221,0.210494,1.16408,5.33433,0.825944,0.818668,0.897089,0.357382,0.798064
8.41714,7.07151,0.381224,1.87229,13.5372,3.43652,0.772107,0.88034,-0.17556999999999998,0.813518
10.615,7.61871,0.835643,2.10004,15.8485,4.84933,0.358045,0.838742,-0.39998199999999995,0.874215
12.4906,7.27749,0.188773,1.11111,5.67863,0.718242,0.924525,0.817885,-0.559444,0.683001
3.2969,7.94675,0.607619,2.08312,15.6275,4.73306,0.531007,0.855394,-1.56944,0.872344
5.50309,7.15064,0.843824,1.83945,12.6974,3.25884,0.530198,0.893343,1.0503799999999999,0.837169
13.5235,7.49435,0.156957,0.595275,1.18516,0.110446,0.47402,0.8008369999999999,-0.0680726,0.939304
6.06689,8.67255,0.186716,1.5949,12.9391,2.1242,0.93918,0.886736,0.0348127,0.617602
11.354,8.90308,0.289803,1.38014,7.45639,1.37646,0.760079,0.845673,0.0457894,0.802536
8.61298,9.08506,0.641101,2.05341,16.6646,4.53343,0.684717,0.589347,-0.46726399999999996,0.794889
13.4333,9.76543,2.43331,2.49176,27.4891,8.10063,0.873825,0.0767501,1.2562,0.709582
2.77933,10.3064,0.974112,3.00058,31.9204,14.1453,0.435604,0.793663,-0.302143,0.886116
10.5457,10.5825,0.847153,2.53225,21.9647,8.50194,0.383083,0.689627,-1.07826,0.917143
12.6378,10.1148,0.653705,1.42282,6.70998,1.50817,0.229231,0.630146,-0.343501,0.947829
7.76517,11.8668,1.34996,4.02201,66.1534,34.0664,0.565221,0.683553,0.294767,0.768215
13.4598,11.3373,0.43887,1.55691,9.06406,1.97602,0.701357,0.8722530000000001,0.876568,0.840149
0.470455,11.3251,0.754666,1.83997,12.1529,3.26159,0.67219,0.740713,-0.878352,0.875168
3.65925,12.3378,1.0646,2.18878,18.0843,5.4904,0.431035,0.46057499999999996,1.5769900000000001,0.832246
12.085,13.0017,1.11143,3.20255,40.9273,17.1984,0.682324,0.791906,-0.0771734,0.78728
0.864785,13.3945,0.416914,1.56907,9.16787,2.02267,0.697681,0.872316,-1.7631800000000002,0.843657
5.39004,13.4679,0.767925,2.05212,16.1113,4.52486,0.799465,0.8023609999999999,0.0352503,0.82115
2.45981,13.3714,0.572931,1.44397,7.29443,1.57643,0.242751,0.376598,1.13828,0.897998
8.82561,0.602863,1.29526,1.95281,16.9977,3.89922,0.628401,0.7532070000000001,1.39183,0.70482
10.5916,4.21836,2.3287,3.16516,37.5908,16.6029,0.628921,0.30731400000000003,0.32653,0.837258
7.03424,6.28615,1.1038,1.65549,9.31484,2.37562,0.279564,0.7773739999999999,1.7214599999999998,0.924328
3.55863,0.237196,1.239,1.43129,8.46122,1.53527,0.850338,0.0669885,1.77572,0.760631
2.31057,3.09646,1.29846,2.11966,15.0396,4.98653,0.19049,0.542092,-0.359432,0.938529
12.9465,7.64825,1.6969,2.52638,21.6162,8.44295,0.233403,0.303326,-0.7775409999999999,0.927613
5.03346,9.40418,1.05794,1.81532,11.3509,3.13228,0.31533,0.8296429999999999,0.843428,0.912071
1.51746,12.3013,1.19109,1.57411,8.2904,2.04222,0.207741,0.47336799999999996,-0.39833399999999997,0.938953
9.30796,6.29636,1.97282,2.34524,18.73,6.75401,0.212266,0.08479469999999999,-0.352873,0.922546
6.62067,9.02951,1.26672,1.54191,8.31869,1.91943,0.34886,0.834501,-1.4419499999999998,0.897863
5.08943,3.26792,1.79906,2.16575,16.2548,5.3189,0.48715,0.566226,-0.106464,0.906535
4.21248,7.68681,2.58192,2.96777,32.796,13.6864,0.224968,0.668247,1.29645,0.843702
13.664,5.66393,2.30178,1.74562,13.5206,2.78516,0.909081,0.137813,-0.914524,0.708033
12.0119,9.24539,1.49153,1.2754,5.36888,1.08628,0.286173,0.435342,0.0311025,0.951836
7.25475,0.671374,3.16962,2.56963,26.1618,8.88404,0.699538,0.34854,-1.73912,0.792911
7.59392,7.65343,1.94242,1.98525,13.0362,4.09679,0.269976,0.181983,-1.1730500000000001,0.949796
11.7233,11.2091,3.54174,3.51518,48.193,22.7426,0.704434,0.033086199999999996,1.3141999999999998,0.805491
2.05299,4.7321,1.89013,1.5203,7.80307,1.83985,0.165813,0.40557699999999997,-0.32920099999999997,0.930552
10.633,8.28757,3.60035,3.84152,53.9174,29.6829,0.335749,0.127519,-0.318155,0.859856
4.96805,11.2212,1.8055,1.54639,7.95499,1.93624,0.227973,0.680101,0.605856,0.944387
8.0795,9.22587,2.60316,2.19917,16.6689,5.56895,0.356809,0.17781400000000003,-1.6337000000000002,0.911508
10.2677,12.0008,1.99059,1.56239,8.19174,1.99695,0.344024,0.32071500000000003,-0.7907219999999999,0.936164
3.55303,1.66154,2.62739,2.49531,21.0886,8.13527,0.206788,0.706037,-0.449133,0.927579
2.05088,6.54753,2.42609,2.22107,16.3597,5.73702,0.208563,0.392363,1.22723,0.947329
0.176061,13.7446,1.73109,0.63777,1.39418,0.135828,0.576106,0.121999,0.4384,0.916551
0.76333,3.17393,2.80237,2.36211,19.4943,6.90082,0.339186,0.230061,-0.936545,0.899172
5.87136,5.6747,1.64054,0.787319,2.47845,0.255535,0.764808,0.8825230000000001,-0.27996099999999996,0.785725
1.06632,5.51319,1.65879,0.655015,1.39518,0.147147,0.238687,0.533439,1.6355099999999998,0.966095
3.90552,13.5505,2.37869,1.72855,11.7004,2.70421,0.756859,0.555244,1.71828,0.802249
0.708804,12.7643,2.25157,1.58052,8.43958,2.06726,0.36383,0.501456,-0.0974576,0.92988
13.2665,1.4604,2.62178,1.99468,15.1135,4.15545,0.495775,0.55492,-0.5804549999999999,0.827047
0.419965,5.95095,3.36446,2.36,24.6872,6.8823,0.869417,0.7254510000000001,0.899485,0.708763
7.36713,5.52318,2.62833,1.80217,12.7961,3.06471,0.424629,0.880521,0.196975,0.797383
5.77298,9.6725,3.15571,2.88359,31.5395,12.5545,0.404271,0.493521,-0.559342,0.828251
7.33332,13.5315,2.40488,1.30209,5.83562,1.15591,0.497174,0.47348799999999996,-0.0246707,0.912739
8.51227,2.21918,2.41916,1.18993,4.72724,0.882196,0.242006,0.608561,-0.258782,0.940994
3.95949,4.46121,4.2867,4.65749,82.1378,52.8999,0.362804,0.452496,-0.262999,0.82968
0.768375,10.7798,3.46643,2.90499,30.8451,12.8361,0.59805,0.4311,-0.8427859999999999,0.859515
10.2441,13.7041,2.84534,1.36636,7.58262,1.33564,0.851097,0.385436,0.00886908,0.773496
13.5297,3.31076,2.91675,1.73705,10.9731,2.74434,0.723322,0.351778,-0.769706,0.863871
2.23206,11.9852,2.63704,1.51594,7.48453,1.82407,0.243035,0.7528100000000001,1.23033,0.964601
1.13735,13.6035,3.34098,1.97405,16.4177,4.02785,0.882046,0.39333799999999997,-1.79976,0.745684
6.27649,6.60178,3.09095,2.02357,14.4524,4.33861,0.239853,0.416579,-0.930399,0.89011
5.90003,13.6599,3.40686,1.74275,13.5211,2.77144,0.937916,0.10220800000000001,0.024464100000000003,0.705684
11.3992,1.61844,2.82621,1.72847,11.6973,2.70387,0.670814,0.784088,1.26519,0.802398
2.27701,8.67317,2.72298,1.2904,5.48586,1.12504,0.113211,0.052958,-0.915158,0.953567
13.4926,12.6302,3.28232,1.92375,13.7256,3.72772,0.695978,0.145256,-0.8930419999999999,0.847064
3.09705,9.92234,3.19944,1.90996,12.7413,3.64815,0.20792,0.575152,-0.178113,0.899465
4.18843,12.0248,3.75679,2.78555,27.9127,11.3169,0.504967,0.439999,0.516035,0.87331
6.01565,2.05519,3.03287,1.29458,6.12402,1.13602,0.622116,0.592711,-1.788,0.859746
7.31147,3.69739,4.36765,3.43013,44.61,21.1315,0.394967,0.8775799999999999,0.84914,0.82859
6.29811,12.2134,3.30539,2.0157,13.7197,4.28819,0.177297,0.529835,-0.407744,0.930368
3.00631,0.517721,5.27003,2.8141,36.8095,11.6685,0.894727,0.412661,0.00896302,0.675877
12.0587,2.93037,3.32214,1.71951,10.2135,2.66202,0.405939,0.24776499999999999,-0.7972889999999999,0.90946
8.75033,5.09132,3.17123,1.1904,4.78851,0.883225,0.282855,0.09035560000000001,-0.252776,0.929676
9.10021,10.7507,3.93355,2.7265,26.3272,10.6124,0.244802,0.09255699999999999,-0.448052,0.887065
9.96464,1.28057,3.28542,1.38117,7.71514,1.37955,0.698232,0.6294339999999999,-0.0957358,0.776779
11.9349,0.5664,3.8744,1.68438,10.9982,2.50219,0.506508,0.215995,-1.74189,0.81042
12.5752,13.7247,4.03711,1.56436,12.769,2.00449,0.942899,0.22330100000000003,-0.0639412,0.602093
9.86922,2.61956,4.29173,2.20471,19.0684,5.61114,0.30952,0.803853,-0.275461,0.800825
12.6657,4.63667,5.06807,3.07979,39.4189,15.2954,0.524171,0.6091599999999999,0.530103,0.755938
11.0884,0.12642,3.2102,0.689322,1.75785,0.1715,0.757659,0.36715400000000004,-0.0468901,0.849203
9.40861,0.342898,3.68543,1.39891,7.17305,1.4334,0.674859,0.139261,-1.62464,0.857086
8.50843,1.53176,4.09863,2.03418,14.5446,4.40721,0.538788,0.312397,-0.77338,0.893765
13.3854,8.08698,4.00621,1.87229,13.8544,3.43652,0.723289,0.22580999999999998,0.40976,0.794893
8.25912,13.0684,4.92565,3.17118,40.2108,16.6979,0.576507,0.504699,0.11586600000000001,0.785686
9.06598,4.00972,3.55951,1.13092,4.27095,0.757344,0.399986,0.401568,0.0589778,0.940782
7.91062,7.29673,4.21372,2.43133,21.3386,7.52542,0.365059,0.8542489999999999,-0.6756310000000001,0.870305
5.02006,0.798764,4.09518,2.04937,14.3451,4.50668,0.276935,0.155992,-0.16620000000000001,0.919779
0.833548,1.86696,4.32271,1.84736,12.3767,3.30103,0.325265,0.24316600000000002,0.576185,0.866254
11.6655,6.06885,3.9278,1.55952,8.27996,1.98597,0.315897,0.0456425,-1.78183,0.922794
1.92351,7.92855,4.53794,2.57735,21.9168,8.96431,0.220834,0.8365349999999999,-0.7446590000000001,0.95218
2.12725,12.4396,4.48185,2.26716,17.2341,6.10163,0.254841,0.309992,-0.308977,0.936971
0.233435,0.509877,4.29036,1.21736,6.29457,0.944622,0.788768,0.0406164,0.933496,0.739645
13.1854,0.044044900000000005,3.84816,0.559245,1.53674,0.091581,0.964898,0.282088,-0.055715,0.639373
2.47915,2.06347,4.46148,1.9932,13.4463,4.14618,0.397734,0.07660890000000001,0.21718800000000002,0.928209
13.4693,6.64156,4.20619,1.34726,7.23105,1.28042,0.667468,0.487603,0.29875599999999997,0.788589
4.14537,8.77456,4.68672,2.25056,17.2583,5.96854,0.264712,0.57106,-0.013137600000000001,0.922002
7.30888,10.2617,4.20081,1.26798,5.31061,1.06742,0.395126,0.274677,-0.916656,0.951106
10.4974,0.657981,4.35548,1.3475,6.45237,1.28111,0.442336,0.0847823,1.19844,0.884072
13.4491,11.1846,3.7758,0.403118,0.543149,0.0343,0.755824,0.543901,-0.19595300000000002,0.939928
3.68794,13.7835,4.08425,0.900313,3.13041,0.382102,0.836401,0.585661,-0.00839014,0.81346
13.6791,2.25912,5.03997,1.80707,15.8568,3.08974,0.939665,0.146799,0.744847,0.646971
6.87695,1.25041,6.73883,3.79105,55.7542,28.5283,0.525287,0.16563199999999997,-0.31275600000000003,0.809825
10.568,12.9446,4.24821,0.973188,3.04852,0.482601,0.250621,0.255135,-0.206323,0.976008
12.1238,1.61716,5.58441,2.93224,32.8665,13.2007,0.167861,0.48039299999999996,-0.502237,0.821855
5.68051,7.01188,5.09684,2.465,20.7226,7.84235,0.268537,0.704189,-0.45165,0.921167
2.4987,10.5651,4.52521,1.36636,6.17455,1.33564,0.179481,0.777353,-0.583046,0.949888
9.78183,5.76895,6.00568,3.53926,47.5181,23.2132,0.44269,0.34045499999999995,1.58227,0.828162
1.56254,5.96706,4.39117,0.966689,3.14796,0.472997,0.199745,0.23075600000000002,-1.6457499999999998,0.932596
6.12603,11.1543,4.92355,1.99452,13.1956,4.15442,0.178908,0.779379,-0.69,0.947095
0.322781,8.93492,4.95312,1.38879,7.13997,1.40253,0.70704,0.19418500000000002,0.8856850000000001,0.84865
13.8678,11.0336,4.32272,0.473446,0.83056,0.055566,0.831161,0.321817,-0.896454,0.84785
4.42952,10.4693,4.95884,1.6053,8.70243,2.16605,0.231777,0.600001,1.4226599999999998,0.930298
0.422088,2.93211,5.90041,1.68546,10.818,2.50699,0.738368,0.0893058,-0.035440900000000004,0.824972
0.438569,4.38511,5.26131,1.30888,5.95806,1.17409,0.447896,0.09927559999999999,1.1677899999999999,0.903331
0.492163,12.6739,5.41242,1.85494,12.2092,3.34185,0.587234,0.139907,0.8699079999999999,0.885364
12.5725,7.65921,5.92354,2.8279,30.6677,11.841,0.415323,0.765047,0.650593,0.819212
13.6545,0.3399,5.50642,1.17683,5.71071,0.853384,0.848849,0.111015,0.685485,0.761887
1.65923,3.36746,5.41392,1.76364,10.8072,2.87228,0.354017,0.265134,0.541377,0.904177
8.54127,9.16856,5.33434,1.60411,8.49011,2.16124,0.114895,0.726639,-0.485764,0.952152
11.4477,13.2751,5.22603,1.38368,6.56663,1.38709,0.186066,0.8159860000000001,1.0796299999999999,0.915964
0.448826,6.32044,6.29492,2.37186,24.2757,6.98657,0.825009,0.175793,0.972957,0.728039
13.4637,10.3031,5.57921,1.79962,11.5293,3.05167,0.679464,0.594955,0.8107859999999999,0.882485
0.959603,1.17645,6.34789,1.9764,15.1746,4.04226,0.500396,0.10639,0.301907,0.808693
9.27255,3.75232,5.83156,2.08689,16.5257,4.75878,0.495501,0.163797,-0.778618,0.827919
6.12971,8.88814,5.40279,1.33793,6.61762,1.25401,0.475537,0.179329,0.480182,0.849798
13.5867,12.8502,5.29573,1.14575,4.3579,0.787528,0.450805,0.5554950000000001,-0.841084,0.946347
2.04638,13.5722,5.91373,1.83784,13.3686,3.25027,0.781288,0.411019,-0.0221448,0.79374
9.76753,0.293267,5.30099,0.983229,3.93569,0.497693,0.841014,0.685753,-0.301087,0.77168
7.2788,5.99324,5.08752,0.644148,1.35781,0.139944,0.342009,0.8234,-0.725616,0.960026
7.47896,9.21062,7.39228,2.49254,24.9691,8.10818,0.777765,0.16477699999999998,-0.24492799999999998,0.781683
1.21785,10.8483,6.22554,2.75815,27.0206,10.9863,0.221187,0.368702,1.3063200000000001,0.884484
11.0425,3.57027,6.8703,2.2852,22.7007,6.24843,0.588133,0.251453,1.1841599999999999,0.7227
10.3577,10.328,5.66448,1.50926,7.70746,1.80006,0.338313,0.8583540000000001,1.12989,0.928464
7.8,10.5418,5.75013,1.68661,9.20391,2.51213,0.154232,0.480092,0.120564,0.970972
5.24768,13.5629,6.56959,2.25868,22.4301,6.03337,0.87652,0.671915,0.00378621,0.71454
9.76209,1.7461,6.18068,2.02708,14.1856,4.36125,0.20862,0.845442,1.07012,0.910001
3.23569,6.78876,6.103,2.11059,15.3493,4.92274,0.130568,0.276861,-1.17638,0.911728
3.19338,10.3247,5.82076,1.55889,7.90937,1.98357,0.17415,0.6179939999999999,-0.503871,0.965252
4.77824,11.8963,5.6815,1.44565,6.93882,1.58192,0.164243,0.72352,-0.6463939999999999,0.94621
2.97193,8.83809,5.96078,1.64337,8.97263,2.32383,0.297711,0.63806,-0.625293,0.945584
1.38681,5.07793,5.46073,0.630163,1.30177,0.131026,0.324713,0.540204,-0.31667,0.958345
9.20175,7.90964,5.75087,1.14741,4.3324,0.790958,0.0899778,0.48613799999999996,-0.7040850000000001,0.95468
9.6014,12.1138,6.92354,2.98896,31.5832,13.9817,0.412075,0.615223,1.76621,0.888658
0.179082,0.309477,5.9835,0.914109,3.19675,0.399938,0.837912,0.0475496,-0.7943129999999999,0.821177
6.2398,7.75563,7.03336,2.34449,19.2274,6.7475,0.297816,0.296646,-1.7363300000000002,0.898103
5.13069,10.1129,6.79299,2.61055,22.5676,9.31519,0.197344,0.193051,-0.19114799999999998,0.948694
6.58041,11.8065,6.46792,1.87285,11.9247,3.4396,0.328361,0.575785,-0.741548,0.924075
2.67245,2.31335,6.90418,2.59264,22.8626,9.12483,0.182258,0.247867,1.55483,0.923651
1.1514,8.16818,6.34588,1.58287,9.00076,2.07652,0.347456,0.793741,1.02069,0.874506
12.0767,10.2219,6.7481,2.32195,18.4003,6.55473,0.26852,0.406088,-0.583954,0.920511
3.29108,12.9917,6.674,1.1927,5.28776,0.88837,0.75878,0.21460200000000001,1.5742500000000001,0.845165
12.3755,13.3845,8.21689,3.12364,41.7134,15.9581,0.908353,0.126921,0.0254083,0.734844
4.49206,2.13062,6.24672,0.991071,3.32593,0.509698,0.34914,0.532362,1.20188,0.927784
12.7661,11.9173,6.38772,1.433,7.43467,1.54076,0.445984,0.672464,0.36904000000000003,0.867718
1.9245,5.69114,6.80511,1.66318,9.83649,2.40889,0.443766,0.40401200000000004,0.880955,0.883463
7.58324,4.7165,6.60662,1.83096,11.5224,3.21391,0.38751,0.477684,-0.300607,0.914036
10.8124,8.72229,7.04814,2.02947,15.7188,4.37668,0.41799,0.299825,0.061697100000000005,0.823179
0.286607,9.15442,6.93945,1.62918,11.2339,2.26414,0.842485,0.0651304,-0.828133,0.74226
4.37049,8.26976,7.2365,1.65477,10.9637,2.37253,0.702008,0.143258,0.485671,0.784634
9.23138,9.4931,6.70791,1.85671,11.5572,3.35145,0.172071,0.469675,1.4123400000000002,0.937105
12.1074,5.61088,6.15243,0.578801,1.12289,0.101528,0.285288,0.596182,-1.4574500000000001,0.937282
0.999196,4.18193,8.49401,3.49574,45.8998,22.3674,0.614713,0.224202,1.0371299999999999,0.836405
1.2381,12.7507,8.10386,2.69199,29.5245,10.2145,0.365515,0.5104339999999999,-0.545041,0.771106
10.1479,0.735145,8.8161,3.10681,49.5069,15.7015,0.867116,0.263802,-0.282268,0.61251
10.8288,0.0990845,6.30863,0.570871,1.17635,0.097412,0.746041,0.337978,-0.013785,0.87034
5.14938,8.54766,6.21414,0.437692,0.613213,0.043904,0.474797,0.670749,-0.198599,0.981466
3.22382,11.37,7.23104,2.27963,17.1865,6.20281,0.305627,0.355336,-0.936212,0.949925
5.64374,3.47238,6.95569,1.28328,6.05966,1.10652,0.318838,0.6654800000000001,-1.37309,0.853771
8.15454,7.69535,6.66657,0.839759,2.27728,0.310072,0.251833,0.695373,1.6122800000000002,0.972842
7.80052,3.30732,7.14631,1.44093,6.96736,1.56648,0.315618,0.377216,1.55769,0.936194
13.06,6.09009,6.93614,1.16906,4.92214,0.836577,0.200371,0.439041,1.6556,0.872303
4.77308,12.2779,7.04248,1.54502,7.98901,1.93109,0.198196,0.403955,-0.24107800000000001,0.938698
12.6494,0.758369,7.99534,2.74268,29.6033,10.8024,0.545393,0.384451,-0.0295993,0.798287
13.431,3.64625,7.46239,1.73503,12.3326,2.73474,0.591726,0.46069699999999997,-0.45895800000000003,0.766841
6.21146,5.21547,7.84788,2.49608,23.6661,8.14282,0.250456,0.427181,-0.871657,0.827069
11.6988,5.46338,7.54826,1.87472,12.259,3.44989,0.44266,0.516126,-1.08103,0.900674
13.4955,11.0389,8.28934,2.41785,23.6619,7.40091,0.857166,0.006716349999999999,0.472549,0.776171
3.80404,4.2835,7.9108,2.93906,28.5187,13.293,0.177599,0.6997180000000001,-0.429198,0.951559
9.35645,7.7576,7.70698,2.06223,14.3765,4.59208,0.159678,0.24993300000000002,-0.404948,0.929334
13.4384,8.16083,8.03341,2.19966,20.0176,5.57272,0.692051,0.277398,-0.6805629999999999,0.759364
2.34013,8.9742,7.94508,2.74911,28.4686,10.8786,0.362677,0.5630120000000001,-1.66891,0.834001
1.38601,7.20137,7.53782,1.65549,9.27701,2.37562,0.302576,0.323479,1.37615,0.928098
13.6409,1.9859,7.39506,1.17494,5.31706,0.849268,0.663785,0.065355,0.13317,0.81566
4.89418,2.62293,7.369,0.994836,3.45948,0.515529,0.562184,0.186229,-0.62533,0.898756
4.6298,6.66042,7.93838,2.22747,17.3281,5.78675,0.357989,0.23974299999999998,0.337759,0.899546
12.5701,2.87567,7.29977,1.07132,3.74087,0.643811,0.132037,0.23301100000000002,-1.03032,0.963867
3.26049,7.60564,7.29744,1.00488,3.38563,0.531307,0.253498,0.509154,-0.261895,0.937005
10.2189,10.2741,7.46611,1.30543,5.65774,1.16483,0.29626,0.166401,-1.00146,0.946272
7.79489,13.4793,7.59438,1.50145,7.61964,1.77228,0.404462,0.133754,0.164212,0.929476
2.38813,0.595302,7.91198,1.78534,11.089,2.97964,0.448016,0.015009300000000001,-0.10873200000000001,0.903028
8.89111,3.13877,8.56968,2.50251,22.9221,8.20593,0.432319,0.287451,-1.70358,0.858316
13.283,5.80466,8.25275,1.6359,10.411,2.29227,0.290377,0.25238,-1.70476,0.807552
7.72173,11.0017,8.1241,2.18965,16.8972,5.49692,0.333006,0.33102600000000004,1.1722,0.89142
6.27709,12.5207,8.02506,1.99221,13.1977,4.14001,0.197439,0.8543590000000001,-0.164816,0.944758
6.28376,3.05083,8.76199,2.48895,22.2887,8.07319,0.358217,0.332889,-0.585022,0.873164
11.7138,7.24521,8.81757,2.86748,29.7852,12.3453,0.294168,0.126989,-0.331141,0.867262
4.39412,1.08497,8.88631,2.99596,31.9101,14.0802,0.320099,0.169212,-0.6096929999999999,0.883677
11.3548,11.4112,8.99039,3.13814,33.7627,16.1814,0.430929,0.216667,-1.5038200000000002,0.916341
5.45973,11.0742,8.60726,1.75226,12.0845,2.81706,0.622434,0.315677,-0.409779,0.798213
0.682177,0.731715,8.6915,2.22408,19.439,5.76034,0.638659,0.0791067,-1.3331,0.799419
12.7354,4.45486,7.8578,0.985032,3.39362,0.500437,0.5278,0.329073,-0.784128,0.898228
2.71645,6.59611,8.44682,2.12659,15.208,5.03558,0.243529,0.0973504,1.01762,0.934214
3.80893,12.9467,8.86655,2.83487,30.701,11.9289,0.384904,0.47977600000000004,-0.133599,0.822364
11.3816,2.84342,9.14615,2.73327,29.9815,10.6917,0.309291,0.201603,1.34748,0.782818
9.40843,5.45986,9.91398,3.6603,54.8574,25.6773,0.570337,0.0987613,-0.372323,0.767271
7.42452,7.1583,8.75443,2.50836,21.0397,8.26356,0.275152,0.261869,1.6448500000000001,0.939485
5.56514,9.03016,8.29486,1.05037,3.53824,0.606767,0.241858,0.383465,1.01554,0.979592
2.60379,10.5709,10.0224,3.40999,46.5344,20.7614,0.481173,0.31151700000000004,-0.419205,0.785022
0.397318,7.52644,8.90426,1.71291,10.6603,2.6315,0.660277,0.00446277,0.97827,0.864669
3.86275,9.55336,8.63446,0.830048,2.76826,0.299439,0.614479,0.18973600000000002,1.70971,0.781898
0.421492,9.76728,9.49648,2.05672,19.5778,4.55538,0.865135,0.504178,-0.7730800000000001,0.678791
6.43867,13.1183,9.51736,1.91068,13.9643,3.65226,0.469882,0.516873,-1.24183,0.821307
2.15762,1.75496,9.59709,2.49141,26.695,8.0972,0.61355,0.532462,-1.03578,0.730484
10.2118,9.1385,9.77359,2.66192,24.3471,9.876,0.487572,0.293959,-0.100494,0.914304
4.62032,10.1372,8.72279,1.16569,4.67105,0.829374,0.284625,0.77619,-0.7200329999999999,0.913909
8.97586,12.936,9.81929,3.13363,37.8216,16.1117,0.426318,0.38412,0.023200500000000002,0.815653
12.55,9.2915,9.14607,1.54849,8.5603,1.94412,0.364429,0.226336,-0.37466900000000003,0.87999
13.2716,4.19713,10.3125,2.8387,35.314,11.9772,0.807332,0.0931721,-0.7128319999999999,0.716872
1.06254,6.52017,8.66475,0.646768,1.39043,0.141659,0.44419,0.21605,-0.6521819999999999,0.945143
9.18723,10.7463,8.44764,0.500161,0.796021,0.065513,0.443418,0.46966700000000006,-0.465368,0.98729
4.24759,7.93769,9.71289,2.19686,17.135,5.55146,0.224459,0.7348699999999999,1.1164100000000001,0.884856
0.708269,11.8838,11.0489,2.79634,33.3125,11.449,0.704782,0.439112,-0.841941,0.737433
11.8558,5.29496,9.6542,1.78232,10.6956,2.96455,0.322138,0.19655799999999998,0.680245,0.933075
5.84325,7.84523,9.40407,1.18155,4.92266,0.863674,0.468192,0.24303899999999998,-0.00233825,0.890945
8.23461,9.98299,9.65722,1.78281,10.4841,2.96695,0.235761,0.08157199999999999,1.4663300000000001,0.952412
7.69724,0.780948,10.2106,2.78335,29.0334,11.2902,0.49461,0.491518,-0.133626,0.838277
6.94836,4.65376,9.96949,2.27525,17.3772,6.16714,0.317729,0.39195300000000005,-0.578328,0.935895
6.63717,10.3987,9.76079,1.60496,8.52889,2.16467,0.192536,0.352168,-0.879915,0.948826
0.440605,2.25435,10.17,1.78253,11.6768,2.96558,0.681265,0.481756,0.8506189999999999,0.854872
4.34034,3.23121,10.1937,2.40157,19.871,7.25239,0.164848,0.6986150000000001,-0.277746,0.911838
3.53555,5.48033,10.246,2.4875,22.3604,8.05913,0.38922,0.638407,-0.710574,0.869353
5.46733,9.24688,9.90313,1.88085,11.9894,3.48385,0.450863,0.599626,-0.470718,0.92696
13.0109,1.60084,10.4886,2.6584,24.5333,9.8369,0.361708,0.039035600000000004,-0.24839,0.904969
8.55454,7.91114,12.3336,4.29598,71.7506,41.5129,0.273176,0.559782,-0.0520949,0.808068
2.36953,8.04045,9.79134,1.48727,7.35072,1.72255,0.241011,0.163728,1.45796,0.945369
7.07706,8.76525,9.89013,1.53257,8.39428,1.88479,0.437675,0.25931,0.9562350000000001,0.87904
0.520711,13.624,9.60827,1.06192,3.75764,0.627004,0.449429,0.488609,1.75017,0.942791
13.3571,6.18473,9.5861,1.05155,3.65664,0.608825,0.184148,0.356324,-1.0557699999999999,0.950014
1.34515,6.47799,10.488,2.52628,24.0792,8.44192,0.304175,0.321154,-0.8749790000000001,0.832664
5.1367,13.4771,10.9008,1.98175,19.4489,4.07518,0.609806,0.262433,1.40149,0.634386
5.00746,4.718,9.67097,0.494868,0.782785,0.063455,0.363048,0.023595799999999997,1.6647800000000001,0.982846
5.76885,6.39262,11.293,3.01427,30.5404,14.3398,0.372231,0.196581,-1.0271299999999999,0.934626
13.4231,7.35173,10.7073,2.09264,17.9211,4.79823,0.677843,0.33983800000000003,0.830807,0.76767
12.491,12.3844,11.331,2.64847,25.2864,9.72714,0.189531,0.221525,1.66451,0.871473
13.6486,0.171812,10.9509,1.09185,5.64038,0.681541,0.958826,0.0044202,1.75008,0.664003
5.85357,1.72894,10.2327,1.37922,6.79716,1.37372,0.305718,0.446458,-0.879109,0.8792
7.41712,11.4401,10.7322,1.86435,12.1576,3.39296,0.288275,0.0943781,-0.20473299999999997,0.898164
13.0596,9.74736,11.0067,2.53965,26.81,8.57672,0.523061,0.466353,-0.6829940000000001,0.755789
5.32913,11.2304,10.8903,2.36653,19.337,6.93958,0.297035,0.552684,0.524211,0.909877
2.27142,3.57017,10.8728,2.2291,17.3253,5.79944,0.32787,0.74855,-0.90067,0.901008
3.0153,0.577727,10.334,1.06578,3.8863,0.633864,0.285554,0.42425199999999996,0.830496,0.918217
9.27993,2.62845,11.4132,3.17775,35.896,16.8019,0.317784,0.390237,-0.211938,0.883777
10.1021,1.44839,10.0993,0.460427,0.670742,0.051107,0.491528,0.354527,-0.320273,0.992922
1.83203,8.84515,10.7526,0.991738,3.52008,0.510727,0.558634,0.08835889999999999,0.224829,0.87779
8.91495,11.0384,10.5318,1.33439,5.81697,1.24406,0.181821,0.821909,1.4972900000000002,0.961645
1.35098,13.6766,10.5515,1.15401,5.03495,0.804678,0.705744,0.6869679999999999,1.75351,0.830941
2.93807,12.8956,11.598,2.67687,26.0953,10.0434,0.497852,0.46936999999999995,-0.42450299999999996,0.862663
5.52703,4.23962,11.3981,2.13247,16.0441,5.07743,0.424996,0.305332,-0.338323,0.890425
1.25879,1.21677,11.5748,2.29083,18.8915,6.29474,0.264062,0.26373,-1.3537799999999998,0.872708
11.5286,7.38283,11.2696,2.1579,15.4354,5.26128,0.354644,0.8734919999999999,-0.903848,0.947752
4.86551,0.305021,11.1596,1.29354,6.748,1.13327,0.855891,0.18659099999999998,0.252306,0.77899
3.58511,8.23757,12.9879,3.46262,51.1081,21.7376,0.657575,0.694914,0.954315,0.737002
7.13416,12.9497,11.0928,1.54493,7.77953,1.93075,0.219012,0.7828069999999999,-0.106236,0.963861
11.1737,1.3569,11.5404,2.02383,14.2726,4.34032,0.318851,0.34514,-0.05329710000000001,0.90156
4.37999,1.82369,11.3956,1.69273,10.2238,2.53957,0.456104,0.229791,0.6807479999999999,0.880469
4.66294,8.46574,11.3328,1.70873,10.0726,2.61229,0.325106,0.875372,-1.65262,0.910657
10.9782,10.5007,11.5741,2.06007,13.8719,4.57768,0.20148,0.45082500000000003,-0.6497280000000001,0.961122
11.4387,4.78069,11.8879,2.50244,21.6288,8.20525,0.196063,0.607935,-0.569778,0.90959
0.539209,8.21833,12.239,2.56094,26.9827,8.79418,0.795879,0.19605799999999998,-0.820717,0.763595
11.7801,3.01452,11.4822,1.52124,8.23512,1.84328,0.249278,0.159514,-0.8435980000000001,0.882827
2.33538,7.76762,11.4452,1.61999,9.05467,2.22607,0.229887,0.15674,-0.658267,0.91055
6.47426,2.08174,12.3608,3.15282,34.6896,16.4095,0.243202,0.15728,-1.6193700000000002,0.900218
4.69296,9.78319,11.5216,1.29432,6.11442,1.13533,0.485425,0.5171589999999999,0.0419148,0.860749
3.20981,0.807631,12.431,2.67266,31.9642,9.99605,0.580729,0.142429,-1.69159,0.702058
1.06863,3.50432,12.7721,3.41573,43.3048,20.8664,0.577982,0.8009040000000001,-0.8223220000000001,0.846409
8.61468,10.7627,12.6428,2.82396,27.6962,11.7917,0.420225,0.0454532,1.0941400000000001,0.904581
6.24799,9.75011,12.3902,2.31357,18.3272,6.48407,0.411207,0.128914,-0.229221,0.917527
8.83699,12.4795,12.0338,1.82573,12.0546,3.18647,0.409416,0.157861,0.574204,0.868702
0.689459,0.531779,13.2784,1.70828,14.0387,2.61023,0.746402,0.334774,0.324029,0.653045
3.44377,2.96405,12.1227,1.52978,8.4395,1.8745,0.378741,0.40037599999999995,-1.34117,0.871145
2.66146,5.23025,12.2737,1.92816,12.6354,3.75345,0.294725,0.699079,1.4250399999999999,0.924376
7.12751,4.45363,11.7258,0.667499,1.44805,0.155722,0.351615,0.109777,-0.539706,0.966648
12.4721,6.27824,11.778,0.806571,2.20075,0.274743,0.426277,0.434718,-1.06299,0.928678
9.23381,13.5637,12.7733,1.8368,17.424,3.24478,0.790188,0.31072299999999997,-0.29926400000000003,0.608312
11.5265,8.7948,12.4703,1.84876,11.3682,3.30858,0.290848,0.405548,-1.08831,0.944537
1.72879,10.3918,12.6294,2.04337,17.1665,4.46723,0.688967,0.590864,0.8641920000000001,0.76412
10.5696,12.311,12.4064,1.98785,13.1275,4.11291,0.230621,0.8970279999999999,0.916523,0.945657
6.56682,12.7811,12.9662,3.03517,35.7075,14.6403,0.631883,0.735133,0.0127664,0.810508
13.5416,13.6781,11.7211,0.661066,1.37809,0.151263,0.17984,0.108033,-0.745439,0.996235
6.14621,0.0120202,11.9838,0.506198,1.65906,0.067914,0.99064,0.0127741,-1.7327199999999998,0.485208
13.3269,5.75028,12.8446,2.27799,18.6829,6.18944,0.615981,0.34846400000000005,0.8909900000000001,0.872585
11.5501,13.6692,12.4367,1.34509,6.89206,1.27425,0.765313,0.0659343,-1.5886799999999999,0.824715
3.90929,10.6759,12.1833,1.38596,6.28705,1.39395,0.313804,0.759144,-1.78823,0.959847
8.49621,0.372085,12.8941,1.97282,15.4861,4.0203,0.839308,0.723252,1.7977400000000001,0.789555
0.652776,13.1337,12.9489,2.0559,15.4364,4.5499,0.452228,0.381066,-1.09339,0.860213
13.447,1.26148,12.6068,1.68346,9.80028,2.49807,0.494472,0.686033,0.890739,0.90848
0.253719,6.06502,12.4644,1.09185,4.18011,0.681541,0.691876,0.0323904,-1.12788,0.895965
1.67791,6.63108,12.848,1.84139,12.3713,3.26913,0.346016,0.548821,1.7061600000000001,0.861041
12.2681,10.7827,13.2999,3.30413,49.6303,18.8873,0.863948,0.865877,1.20991,0.691062
12.5117,2.64894,12.8241,1.77674,10.6363,2.93677,0.124496,0.20421299999999998,0.845603,0.932407
12.4388,7.31851,12.664,1.4494,6.9952,1.59426,0.213516,0.604643,-1.4606899999999998,0.943461
6.75136,11.2011,12.2705,0.657044,1.58957,0.148519,0.804927,0.15462199999999998,-0.32351100000000005,0.853217
2.87266,11.3774,12.3058,0.793956,2.10786,0.262052,0.388718,0.050550899999999996,1.78596,0.939509
11.5052,0.879122,13.295,2.53904,25.8075,8.57054,0.766014,0.8765649999999999,1.76811,0.784772
13.7313,12.696,12.5707,1.02189,3.89027,0.558747,0.770437,0.769683,0.880909,0.843298
8.00375,4.27988,13.2389,2.74471,29.1751,10.8265,0.692016,0.841049,-0.53097,0.811203
10.2893,5.70808,13.195,1.50609,7.99247,1.78875,0.304084,0.357645,-1.38541,0.891597
11.11,6.70797,12.7705,0.865295,2.5215,0.339227,0.301026,0.06576509999999999,1.4233099999999999,0.932865
4.62478,4.22795,13.2522,2.3589,20.5535,6.87269,0.526975,0.892581,1.67547,0.850516
4.12723,2.11853,13.2535,1.70077,10.364,2.57593,0.397621,0.581035,1.67643,0.876828
2.37379,13.0196,13.475,1.91533,15.5224,3.67902,0.737587,0.8224720000000001,0.564734,0.74247
9.0192,1.672,13.4638,1.5961,9.69545,2.129,0.735526,0.869065,1.52172,0.825468
6.45689,0.401679,13.5221,1.32101,6.29755,1.20702,0.629787,0.874213,-1.78852,0.870538
3.18705,11.197,13.4948,1.657,9.77695,2.38214,0.562106,0.875608,-1.7292699999999999,0.88225
13.4957,3.93252,13.5724,1.25826,6.29881,1.04306,0.483852,0.877664,-0.9169809999999999,0.789647
0.621933,10.0409,13.6334,1.55385,10.7635,1.96436,0.852454,0.87737,-0.916291,0.704712
5.34901,10.9164,13.5688,1.8588,13.4838,3.36277,0.813272,0.8751730000000001,-0.272814,0.805016
13.6658,13.6875,13.6641,0.762597,3.06546,0.232211,0.774098,0.361103,-1.4016499999999998,0.595996
5.9247,6.29913,13.5531,1.91414,14.3426,3.67216,0.781993,0.880906,0.25452600000000003,0.802545
4.17726,6.09856,13.4106,1.01133,3.42209,0.541597,0.297516,0.40511400000000003,-0.318285,0.938954
0.871377,11.6954,13.5081,1.04239,3.59295,0.593047,0.172629,0.076349,-0.822971,0.950078
4.63044,13.882,13.6421,0.618968,1.97502,0.124166,0.967237,0.807905,-0.0110667,0.609417
10.1394,3.18107,13.5529,1.13432,4.61796,0.764204,0.565517,0.750142,1.2191800000000002,0.875333
11.4173,3.06644,13.6834,1.20561,5.49852,0.917525,0.719199,0.877318,-0.306447,0.830456
13.1742,8.00772,13.4015,0.755777,1.80755,0.226037,0.187349,0.32014899999999996,0.80444,0.992765
11.5154,4.87493,13.6194,1.57499,9.48664,2.04565,0.769278,0.896832,0.5654520000000001,0.821472
4.89542,1.01271,13.3779,0.412313,0.534753,0.036701,0.373158,0.885301,-0.646933,0.998733
13.443,2.19162,13.714,1.1489,5.2019,0.794045,0.834793,0.892976,0.867487,0.797173
2.69735,5.5056,13.687,1.43893,8.67777,1.55996,0.842194,0.885753,1.4040899999999998,0.749582
11.8342,7.1508,13.7336,1.5057,10.484,1.78737,0.92245,0.895945,1.62954,0.67936
0.282873,6.23189,13.7936,0.888854,3.46583,0.367696,0.928963,0.898144,0.9350740000000001,0.716149
